# Signatures
1 5 6 6
1 1277 003_1
57.23884 53.33203 66.90838 62.87157 104.66484 86.04385
1 4.11297 4.69728 7.64651 6.20860 5.54798 7.02322
2 4.69728 8.36146 12.36979 10.19471 9.01889 11.46975
3 7.64651 12.36979 21.98768 16.90045 14.95908 19.04556
4 6.20860 10.19471 16.90045 16.38475 12.13952 15.50250
5 5.54798 9.01889 14.95908 12.13952 15.36250 16.36816
6 7.02322 11.46975 19.04556 15.50250 16.36816 21.40560
2 373 003_2
67.98391 71.99196 97.36461 83.98123 117.51475 100.26810
1 1.90297 1.03213 1.71018 1.23088 1.15615 1.25164
2 1.03213 2.41660 2.54326 1.91652 1.35630 1.23066
3 1.71018 2.54326 5.79143 3.21654 2.44622 2.27833
4 1.23088 1.91652 3.21654 3.15825 1.89409 1.71741
5 1.15615 1.35630 2.44622 1.89409 3.34723 2.95303
6 1.25164 1.23066 2.27833 1.71741 2.95303 5.95481
3 33 003_3
37.84848 34.69697 26.93939 94.00000 45.42424 23.24242
1 1.00758 0.04640 0.49053 -0.03125 0.41004 0.19413
2 0.04640 1.03030 -0.01894 1.37500 0.97633 0.57576
3 0.49053 -0.01894 1.74621 -1.90625 0.55777 0.98390
4 -0.03125 1.37500 -1.90625 10.06250 2.40625 -1.06250
5 0.41004 0.97633 0.55777 2.40625 2.31439 1.05019
6 0.19413 0.57576 0.98390 -1.06250 1.05019 1.87689
4 71 003_4
91.71831 87.36620 101.29577 70.83099 85.71831 86.29577
1 6.51952 5.71891 7.52736 5.32314 3.51952 2.12736
2 5.71891 7.49256 8.77586 6.56278 4.91891 3.97586
3 7.52736 8.77586 13.98270 9.37928 7.15594 5.62555
4 5.32314 6.56278 9.37928 7.51388 5.92314 5.09356
5 3.51952 4.91891 7.15594 5.92314 11.20523 10.89879
6 2.12736 3.97586 5.62555 5.09356 10.89879 13.49698
5 160 003_5
39.33750 33.92500 25.59375 20.70625 9.75625 7.78750
1 1.53318 -0.13176 0.18829 -1.36564 -0.29458 -0.03475
2 -0.13176 0.76164 0.26494 1.63192 0.17028 0.06572
3 0.18829 0.26494 1.37480 0.49627 -0.00531 0.04520
4 -1.36564 1.63192 0.49627 14.29682 2.82732 0.59756
5 -0.29458 0.17028 -0.00531 2.82732 1.11631 0.11140
6 -0.03475 0.06572 0.04520 0.59756 0.11140 0.87280
